lastAccountName: Eduard_wer
timestamps:
  login: 1708547432140
  logout: 1708547102809
  lastteleport: 1708547623366
ipAddress: 26.58.8.212
lastlocation:
  world: world
  x: -22.90979578895695
  y: 75.91406111938606
  z: 3.5060937152273706
  yaw: 114.299255
  pitch: 28.199968
money: '-8950.629363601026099'
logoutlocation:
  world: world
  x: -130.38371206981267
  y: 116.85643448454391
  z: 154.46081614891878
  yaw: 235.50238
  pitch: 36.449997
