lastAccountName: Eduard_wer
timestamps:
  login: 1708533774975
  logout: 1708533895550
ipAddress: 127.0.0.1
lastlocation:
  world: world
  x: 14.5
  y: 64.0
  z: -131.5
  yaw: 4.517484
  pitch: 0.0
money: '29.691502627771855'
logoutlocation:
  world: world
  x: 359.6923838152003
  y: 93.09650259777
  z: 127.26788863604862
  yaw: 82.800476
  pitch: 24.000074
